1H,1H,1H,1H,1H,1H,13C
0.0,7.534,1.381,0.658,1.381,7.534,158.363
7.534,0.0,7.543,1.382,0.66,1.384,1.136
1.381,7.543,0.0,7.543,1.387,0.66,7.609
0.658,1.382,7.543,0.0,7.543,1.382,-1.285
1.381,0.66,1.387,7.543,0.0,7.543,7.609
7.534,1.384,0.66,1.382,7.543,0.0,1.136
158.363,1.136,7.609,-1.285,7.609,1.136,0.0
